  -4.7787517e+00
  -2.4117475e+00
  -1.5667098e+00
   3.4737202e+00
   7.7915092e+00
  -9.7395175e-01
  -4.1233578e+00
   8.2309236e-01
   3.9064693e+00
   6.7996134e+00
  -2.6536574e-01
   1.4579809e+00
   5.5117860e+00
   6.3712380e+00
  -7.4770324e-01
   5.8152167e+00
   4.6652139e+00
   1.0771819e+00
   3.8229444e+00
   7.9652312e+00
  -1.4121851e+00
  -5.8212129e+00
  -2.3264772e-01
   8.1646073e+00
   2.8808278e+00
  -1.5832747e+00
   1.7115627e+00
   4.0053458e+00
   7.8496619e+00
   2.3645799e+00
  -2.9927392e+00
   2.5395362e+00
   4.3540022e+00
   5.1206635e+00
   1.4823341e+00
  -7.8953893e-01
   4.6045521e+00
   7.1533419e+00
   3.4504805e+00
   2.8623213e+00
   6.1086475e-01
   9.6908211e-01
   2.5166008e-01
  -2.7711621e-01
   3.8383083e-01
   5.6814002e-01
   6.7922663e-02
   1.8596121e-01
  -4.2039235e-01
   3.6025069e-01
   4.2324106e-01
   4.7297354e-01
   2.5949827e-01
  -1.9010005e-01
   1.9926566e-01
  -5.1672490e-01
   9.8666267e-01
   1.4150378e-01
  -2.2903263e-01
   4.2947464e-01
   4.1221674e-01
   4.5787854e-02
  -3.1371894e-01
   3.2849873e-01
   7.3039510e-01
   2.2400430e-01
  -1.9552711e-01
  -2.9569040e-02
   7.5094352e-01
   6.4507354e-01
   3.9276808e-01
  -5.1470565e-01
   2.9805465e-01
   8.1274735e-01
   2.7875531e-01
   1.4055680e-01
  -4.5813509e-01
   4.7220711e-01
   4.5292721e-01
   1.1566591e-01
   2.0171316e-01
  -3.2732904e-01
   5.2734766e-01
   3.0758920e-01
   8.3253870e-02
  -2.7326863e-03
  -6.1850294e-02
   7.6618316e-01
   2.6550329e-01
   2.9767124e-01
  -2.3888329e-01
   8.0408950e-01
   2.4311381e-01
   2.0984388e-02
   2.5763785e-01
   4.0778471e-01
   1.3081557e-01
   6.6019510e-01
   4.9592946e-01
  -1.2262155e-01
  -1.3420051e-01
   6.2958406e-01
   7.3816473e-01
   4.2945777e-01
   4.5236894e-01
   5.1332707e-01
  -1.7949619e-01
   7.9797705e-01
   6.0986729e-01
   2.0837090e-01
   3.3828468e-01
  -5.5573512e-01
   7.3147814e-01
   6.4832639e-01
   2.5723204e-01
   1.0255284e-01
  -4.3586024e-01
   3.1900497e-01
   3.8811500e-01
   4.0893801e-01
   7.2685412e-01
   2.6188183e-01
   1.3099195e-01
   3.8663985e-01
  -6.8442867e-01
   4.3526671e-01
   7.5232801e-01
  -1.1268256e-01
   3.6450342e-02
  -3.8973883e-01
   4.1321521e-01
   5.4895557e-01
   3.1282337e-01
  -2.3241100e-01
   6.6077300e-01
   3.9194567e-01
   6.7444071e-02
   1.1394799e-01
  -3.6842976e-01
   1.7485327e-01
   2.7696480e-01
   1.0125746e+00
   6.6107792e-01
  -3.0968486e-02
   4.4956860e-02
  -2.3044615e-01
   3.2823576e-01
   3.6176073e-01
  -3.7536991e-01
  -4.4639840e-01
   5.0684229e-01
   9.6443859e-01
   1.9153373e-01
  -3.5321737e-01
   4.2618771e-01
   2.2700600e-01
  -3.5840339e-01
  -3.3083140e-01
  -1.0232845e-02
   6.3573397e-01
  -2.8039217e-02
   3.4300577e-01
   5.0272329e-01
  -2.9878361e-01
   3.8563460e-02
   7.0788942e-01
   3.5247474e-02
  -1.2100288e-01
  -5.2029940e-02
   2.9508075e-01
   3.8068468e-01
   8.2304834e-01
   4.5626547e-01
  -2.1776860e-01
  -3.9661865e-01
  -2.7529833e-01
   7.1998821e-01
   8.3403672e-02
  -8.9005330e-02
   2.1954129e-01
   1.3203477e-01
   2.0690850e-01
   1.1617029e+00
   1.7860053e-01
   2.8126931e-02
   4.3069698e-02
   8.1999372e-02
   4.3323221e-01
   8.5574786e-01
  -2.9504914e-01
  -2.2625368e-01
  -3.0435376e-02
   6.2055754e-01
   1.1890170e-01
  -1.3931835e-01
   7.0293468e-01
   5.6300969e-01
   3.3965421e-01
   1.3868474e-01
  -4.4205561e-01
  -1.3667427e-01
   4.1005871e-01
   7.2470243e-01
   3.6324145e-01
  -2.8446506e-01
   3.6994922e-01
   8.1651613e-01
   3.1171902e-01
   1.6307418e-01
   5.5209115e-01
   3.6821878e-01
   1.7071328e-01
  -4.0267165e-01
   9.3252858e-02
   8.0826133e-01
   2.3023025e-01
   2.3237819e-02
  -1.9787748e-01
  -2.1809901e-01
   6.6111356e-01
   2.1082284e-01
   3.0599780e-01
   4.1524592e-01
  -3.5883499e-01
   1.7781544e-01
   9.0868197e-02
   5.1631841e-01
   1.1809731e+00
   4.1938460e-01
  -5.8921861e-02
  -3.0639581e-01
  -1.7486676e-02
  -2.1259239e-01
   8.2707199e-01
   5.3439129e-01
  -8.3832409e-03
   3.5967214e-01
   8.1529414e-01
   4.7489924e-01
   1.4107991e-01
  -4.7124326e-02
   3.2334565e-03
  -1.7216010e-01
  -2.6588279e-02
   6.0675625e-01
   1.0003920e+00
   1.6901896e-01
  -1.8243787e-01
  -3.3384244e-01
   6.9565908e-01
   5.1759229e-01
   2.0639403e-01
  -4.7606673e-01
   1.2631307e-01
   7.4201803e-01
   3.2594775e-01
   1.5768618e-01
   1.8018932e-01
   3.4550957e-01
  -1.3026668e-01
   9.0735225e-01
   5.2124465e-01
   9.9267902e-02
  -2.5459591e-01
   3.4542205e-01
   5.0477424e-01
  -3.2030393e-02
   8.8541767e-02
  -7.0624926e-02
   2.5392893e-01
   8.7632132e-01
  -1.7754749e-01
  -6.9767954e-02
  -1.5258010e-01
   5.8087174e-01
   1.9077520e-01
  -2.3365626e-02
   3.3885149e-01
   4.4559159e-01
   6.3535301e-01
   6.7490323e-01
  -2.0081054e-02
   9.6076183e-01
   4.5216534e-01
   4.4950522e-02
   6.2151119e-02
   2.4560279e-01
   3.4032014e-02
  -1.5695480e-01
  -1.2835385e-01
   3.7917507e-01
   6.8242533e-01
   3.3012791e-01
   1.7370984e-01
   2.4525744e-01
  -3.1268346e-01
  -6.6707616e-05
   9.4694690e-01
  -4.7255158e-02
  -2.5466778e-01
  -1.3114513e-01
   4.3990102e-01
   5.3741441e-01
   1.9523018e-01
   3.6199280e-01
   1.0752143e+00
   1.5593004e-01
  -4.8772491e-02
   6.1824090e-02
   7.5906718e-01
   3.2551996e-02
  -2.6018250e-01
  -1.7409565e-01
   1.2257894e+00
   3.4961579e-01
  -1.7088380e-02
  -7.7647485e-02
   7.1756313e-02
   8.4230802e-01
   4.4315025e-01
  -1.0861312e-01
  -2.7763992e-02
  -4.7330198e-01
   1.8040407e-01
   4.3332459e-01
   6.7359943e-01
   3.5617579e-01
  -1.5638789e-01
  -3.4154792e-01
  -3.3009782e-01
   7.6603179e-01
   3.2459999e-01
   2.8978261e-02
  -1.7555452e-01
  -2.8293941e-01
   6.6606924e-01
   2.5520648e-01
  -6.5925387e-03
   4.8303030e-01
   3.2306036e-01
  -4.8014258e-01
   8.7348754e-02
   8.7107107e-01
   9.5404754e-03
  -5.7423158e-02
  -2.8611854e-01
   3.0043363e-01
   7.3080511e-01
   1.3641544e-01
   3.0998797e-02
  -3.7037271e-01
   6.2267832e-01
   3.9692463e-01
   8.8154649e-02
   7.4316513e-02
  -1.6946947e-01
   8.1896119e-01
   4.8662699e-01
   2.3614629e-02
  -1.8218392e-01
