    0.0000000000    
   0.40000000000    
   0.80000000000    
    1.2000000000    
    1.6000000000    
    2.0000000000    
    2.4000000000    
    2.8000000000    
    3.2000000000    
    3.6000000000    
    4.0000000000    
    4.4000000000    
    4.8000000000    
    5.2000000000    
    5.6000000000    
    6.0000000000    
    6.4000000000    
    6.8000000000    
    7.2000000000    
    7.6000000000    
    8.0000000000    
    8.4000000000    
    8.8000000000    
    9.2000000000    
    9.6000000000    
    10.000000000    
    10.400000000    
    10.800000000    
    11.200000000    
    11.600000000    
    12.000000000    
    12.400000000    
    12.800000000    
    13.200000000    
    13.600000000    
    14.000000000    
    14.400000000    
    14.800000000    
    15.200000000    
    15.600000000    
    16.000000000    
    16.400000000    
    16.800000000    
    17.200000000    
    17.600000000    
    18.000000000    
    18.400000000    
    18.800000000    
    19.200000000    
    19.600000000    
    20.000000000    
    20.400000000    
    20.800000000    
    21.200000000    
    21.600000000    
    22.000000000    
    22.400000000    
    22.800000000    
    23.200000000    
    23.600000000    
    24.000000000    
    24.400000000    
    24.800000000    
    25.200000000    
    25.600000000    
    26.000000000    
    26.400000000    
    26.800000000    
    27.200000000    
    27.600000000    
    28.000000000    
    28.400000000    
    28.800000000    
    29.200000000    
    29.600000000    
    30.000000000    
    30.400000000    
    30.800000000    
    31.200000000    
    31.600000000    
    32.000000000    
    32.400000000    
    32.800000000    
    33.200000000    
    33.600000000    
    34.000000000    
    34.400000000    
    34.800000000    
    35.200000000    
    35.600000000    
    36.000000000    
    36.400000000    
    36.800000000    
    37.200000000    
    37.600000000    
    38.000000000    
    38.400000000    
    38.800000000    
    39.200000000    
    39.600000000    
    40.000000000    
    40.400000000    
    40.800000000    
    41.200000000    
    41.600000000    
    42.000000000    
    42.400000000    
    42.800000000    
    43.200000000    
    43.600000000    
    44.000000000    
    44.400000000    
    44.800000000    
    45.200000000    
    45.600000000    
    46.000000000    
    46.400000000    
    46.800000000    
    47.200000000    
    47.600000000    
    48.000000000    
    48.400000000    
    48.800000000    
    49.200000000    
    49.600000000    
    50.000000000    
    50.400000000    
    50.800000000    
    51.200000000    
    51.600000000    
    52.000000000    
    52.400000000    
    52.800000000    
    53.200000000    
    53.600000000    
    54.000000000    
    54.400000000    
    54.800000000    
    55.200000000    
    55.600000000    
    56.000000000    
    56.400000000    
    56.800000000    
    57.200000000    
    57.600000000    
    58.000000000    
    58.400000000    
    58.800000000    
    59.200000000    
    59.600000000    
    60.000000000    
